<html>
<head><meta charset="utf-8" /></head>
<body>
    <div>                        <script type="text/javascript">window.PlotlyConfig = {MathJaxConfig: 'local'};</script>
        <script src="https://cdn.plot.ly/plotly-2.18.2.min.js"></script>                <div id="5bf2679f-72da-46d5-9773-5c3c24e0fac9" class="plotly-graph-div" style="height:100%; width:100%;"></div>            <script type="text/javascript">                                    window.PLOTLYENV=window.PLOTLYENV || {};                                    if (document.getElementById("5bf2679f-72da-46d5-9773-5c3c24e0fac9")) {                    Plotly.newPlot(                        "5bf2679f-72da-46d5-9773-5c3c24e0fac9",                        [{"coloraxis":"coloraxis","hovertemplate":"x: %{x}<br>y: %{y}<br>color: %{z}<extra></extra>","name":"0","texttemplate":"%{z}","x":["Overall rank","Country or region","Score","GDP per capita","Social support","Healthy life expectancy","Freedom to make life choices","Generosity","Perceptions of corruption"],"xaxis":"x","y":["Overall rank","Country or region","Score","GDP per capita","Social support","Healthy life expectancy","Freedom to make life choices","Generosity","Perceptions of corruption"],"yaxis":"y","z":[[1.0,0.00957784767112787,0.9890962183233039,0.8019465355862593,0.76746530877385,0.7874106573506174,0.5466063956173787,0.0479926109110735,0.351958513387102],[0.00957784767112787,1.0,0.023038508910733013,0.021662188421545416,0.1356031226642742,0.02641208886576436,0.0410645085286089,0.11452891182461712,0.02952562094217685],[0.9890962183233039,0.023038508910733013,1.0,0.7938828678781276,0.7770577880638638,0.779883149242583,0.5667418257199893,0.0758236949038961,0.38561307086647834],[0.8019465355862593,0.021662188421545416,0.7938828678781276,1.0,0.7549057272454569,0.8354621150416071,0.3790790721767713,0.07966231348976413,0.29891984568349267],[0.76746530877385,0.1356031226642742,0.7770577880638638,0.7549057272454569,1.0,0.7190094590308562,0.4473331635877012,0.04812645445432695,0.18189946470087034],[0.7874106573506174,0.02641208886576436,0.779883149242583,0.8354621150416071,0.7190094590308562,1.0,0.390394776476957,0.02951085965160242,0.2952828124226791],[0.5466063956173787,0.0410645085286089,0.5667418257199893,0.3790790721767713,0.4473331635877012,0.390394776476957,1.0,0.26974181407654385,0.43884330641506725],[0.0479926109110735,0.11452891182461712,0.0758236949038961,0.07966231348976413,0.04812645445432695,0.02951085965160242,0.26974181407654385,1.0,0.32653754340500757],[0.351958513387102,0.02952562094217685,0.38561307086647834,0.29891984568349267,0.18189946470087034,0.2952828124226791,0.43884330641506725,0.32653754340500757,1.0]],"type":"heatmap"}],                        {"coloraxis":{"colorscale":[[0.0,"rgb(0, 0, 0)"],[0.5,"rgb(0, 255, 255)"],[1.0,"rgb(255,255,0)"]]},"margin":{"t":60},"template":{"data":{"barpolar":[{"marker":{"line":{"color":"white","width":0.5},"pattern":{"fillmode":"overlay","size":10,"solidity":0.2}},"type":"barpolar"}],"bar":[{"error_x":{"color":"#2a3f5f"},"error_y":{"color":"#2a3f5f"},"marker":{"line":{"color":"white","width":0.5},"pattern":{"fillmode":"overlay","size":10,"solidity":0.2}},"type":"bar"}],"carpet":[{"aaxis":{"endlinecolor":"#2a3f5f","gridcolor":"#C8D4E3","linecolor":"#C8D4E3","minorgridcolor":"#C8D4E3","startlinecolor":"#2a3f5f"},"baxis":{"endlinecolor":"#2a3f5f","gridcolor":"#C8D4E3","linecolor":"#C8D4E3","minorgridcolor":"#C8D4E3","startlinecolor":"#2a3f5f"},"type":"carpet"}],"choropleth":[{"colorbar":{"outlinewidth":0,"ticks":""},"type":"choropleth"}],"contourcarpet":[{"colorbar":{"outlinewidth":0,"ticks":""},"type":"contourcarpet"}],"contour":[{"colorbar":{"outlinewidth":0,"ticks":""},"colorscale":[[0.0,"#0d0887"],[0.1111111111111111,"#46039f"],[0.2222222222222222,"#7201a8"],[0.3333333333333333,"#9c179e"],[0.4444444444444444,"#bd3786"],[0.5555555555555556,"#d8576b"],[0.6666666666666666,"#ed7953"],[0.7777777777777778,"#fb9f3a"],[0.8888888888888888,"#fdca26"],[1.0,"#f0f921"]],"type":"contour"}],"heatmapgl":[{"colorbar":{"outlinewidth":0,"ticks":""},"colorscale":[[0.0,"#0d0887"],[0.1111111111111111,"#46039f"],[0.2222222222222222,"#7201a8"],[0.3333333333333333,"#9c179e"],[0.4444444444444444,"#bd3786"],[0.5555555555555556,"#d8576b"],[0.6666666666666666,"#ed7953"],[0.7777777777777778,"#fb9f3a"],[0.8888888888888888,"#fdca26"],[1.0,"#f0f921"]],"type":"heatmapgl"}],"heatmap":[{"colorbar":{"outlinewidth":0,"ticks":""},"colorscale":[[0.0,"#0d0887"],[0.1111111111111111,"#46039f"],[0.2222222222222222,"#7201a8"],[0.3333333333333333,"#9c179e"],[0.4444444444444444,"#bd3786"],[0.5555555555555556,"#d8576b"],[0.6666666666666666,"#ed7953"],[0.7777777777777778,"#fb9f3a"],[0.8888888888888888,"#fdca26"],[1.0,"#f0f921"]],"type":"heatmap"}],"histogram2dcontour":[{"colorbar":{"outlinewidth":0,"ticks":""},"colorscale":[[0.0,"#0d0887"],[0.1111111111111111,"#46039f"],[0.2222222222222222,"#7201a8"],[0.3333333333333333,"#9c179e"],[0.4444444444444444,"#bd3786"],[0.5555555555555556,"#d8576b"],[0.6666666666666666,"#ed7953"],[0.7777777777777778,"#fb9f3a"],[0.8888888888888888,"#fdca26"],[1.0,"#f0f921"]],"type":"histogram2dcontour"}],"histogram2d":[{"colorbar":{"outlinewidth":0,"ticks":""},"colorscale":[[0.0,"#0d0887"],[0.1111111111111111,"#46039f"],[0.2222222222222222,"#7201a8"],[0.3333333333333333,"#9c179e"],[0.4444444444444444,"#bd3786"],[0.5555555555555556,"#d8576b"],[0.6666666666666666,"#ed7953"],[0.7777777777777778,"#fb9f3a"],[0.8888888888888888,"#fdca26"],[1.0,"#f0f921"]],"type":"histogram2d"}],"histogram":[{"marker":{"pattern":{"fillmode":"overlay","size":10,"solidity":0.2}},"type":"histogram"}],"mesh3d":[{"colorbar":{"outlinewidth":0,"ticks":""},"type":"mesh3d"}],"parcoords":[{"line":{"colorbar":{"outlinewidth":0,"ticks":""}},"type":"parcoords"}],"pie":[{"automargin":true,"type":"pie"}],"scatter3d":[{"line":{"colorbar":{"outlinewidth":0,"ticks":""}},"marker":{"colorbar":{"outlinewidth":0,"ticks":""}},"type":"scatter3d"}],"scattercarpet":[{"marker":{"colorbar":{"outlinewidth":0,"ticks":""}},"type":"scattercarpet"}],"scattergeo":[{"marker":{"colorbar":{"outlinewidth":0,"ticks":""}},"type":"scattergeo"}],"scattergl":[{"marker":{"line":{"color":"#fff"}},"type":"scattergl"}],"scattermapbox":[{"marker":{"colorbar":{"outlinewidth":0,"ticks":""}},"type":"scattermapbox"}],"scatterpolargl":[{"marker":{"colorbar":{"outlinewidth":0,"ticks":""}},"type":"scatterpolargl"}],"scatterpolar":[{"marker":{"colorbar":{"outlinewidth":0,"ticks":""}},"type":"scatterpolar"}],"scatter":[{"marker":{"line":{"color":"#fff"}},"type":"scatter"}],"scatterternary":[{"marker":{"colorbar":{"outlinewidth":0,"ticks":""}},"type":"scatterternary"}],"surface":[{"colorbar":{"outlinewidth":0,"ticks":""},"colorscale":[[0.0,"#0d0887"],[0.1111111111111111,"#46039f"],[0.2222222222222222,"#7201a8"],[0.3333333333333333,"#9c179e"],[0.4444444444444444,"#bd3786"],[0.5555555555555556,"#d8576b"],[0.6666666666666666,"#ed7953"],[0.7777777777777778,"#fb9f3a"],[0.8888888888888888,"#fdca26"],[1.0,"#f0f921"]],"type":"surface"}],"table":[{"cells":{"fill":{"color":"#EBF0F8"},"line":{"color":"white"}},"header":{"fill":{"color":"#C8D4E3"},"line":{"color":"white"}},"type":"table"}]},"layout":{"annotations":[{"font":{"color":"black","size":100},"name":"watermark","opacity":0.1,"showarrow":false,"text":"Nsight","textangle":-30,"x":0.5,"xref":"paper","y":0.5,"yref":"paper"}],"annotationdefaults":{"arrowcolor":"#2a3f5f","arrowhead":0,"arrowwidth":1,"font":{"color":"#212529"}},"autotypenumbers":"strict","coloraxis":{"colorbar":{"outlinewidth":0,"ticks":""}},"colorscale":{"diverging":[[0,"#8e0152"],[0.1,"#c51b7d"],[0.2,"#de77ae"],[0.3,"#f1b6da"],[0.4,"#fde0ef"],[0.5,"#f7f7f7"],[0.6,"#e6f5d0"],[0.7,"#b8e186"],[0.8,"#7fbc41"],[0.9,"#4d9221"],[1,"#276419"]],"sequential":[[0.0,"#333333"],[0.1,"#4a393a"],[0.2,"#613f40"],[0.30000000000000004,"#784547"],[0.4,"#8f4c4e"],[0.5,"#a55254"],[0.6000000000000001,"#bc585b"],[0.7000000000000001,"#d35e62"],[0.8,"#ea6469"],[0.9,"#ff6a6f"],[1.0,"#ff7176"]],"sequentialminus":[[0.0,"#0d0887"],[0.1111111111111111,"#46039f"],[0.2222222222222222,"#7201a8"],[0.3333333333333333,"#9c179e"],[0.4444444444444444,"#bd3786"],[0.5555555555555556,"#d8576b"],[0.6666666666666666,"#ed7953"],[0.7777777777777778,"#fb9f3a"],[0.8888888888888888,"#fdca26"],[1.0,"#f0f921"]]},"colorway":["#585858","#d93446","#00801d","#f7c200","#48b1c7"],"font":{"color":"#212529","family":"Neucha,-apple-system,system-ui,BlinkMacSystemFont,\"Segoe UI\",Roboto,\"Helvetica Neue\",Arial,sans-serif"},"geo":{"bgcolor":"#fff","lakecolor":"#fff","landcolor":"#fff","showlakes":true,"showland":true,"subunitcolor":"#C8D4E3"},"hoverlabel":{"align":"left","font":{"family":"Neucha,-apple-system,system-ui,BlinkMacSystemFont,\"Segoe UI\",Roboto,\"Helvetica Neue\",Arial,sans-serif"}},"hovermode":"closest","mapbox":{"style":"light"},"paper_bgcolor":"#ffffff","piecolorway":["#585858","#d93446","#00801d","#f7c200","#48b1c7"],"plot_bgcolor":"#fff","polar":{"angularaxis":{"gridcolor":"#EBF0F8","linecolor":"#EBF0F8","ticks":""},"bgcolor":"white","radialaxis":{"gridcolor":"#EBF0F8","linecolor":"#EBF0F8","ticks":""}},"scene":{"xaxis":{"backgroundcolor":"white","gridcolor":"#DFE8F3","gridwidth":2,"linecolor":"#EBF0F8","showbackground":true,"ticks":"","zerolinecolor":"#EBF0F8"},"yaxis":{"backgroundcolor":"white","gridcolor":"#DFE8F3","gridwidth":2,"linecolor":"#EBF0F8","showbackground":true,"ticks":"","zerolinecolor":"#EBF0F8"},"zaxis":{"backgroundcolor":"white","gridcolor":"#DFE8F3","gridwidth":2,"linecolor":"#EBF0F8","showbackground":true,"ticks":"","zerolinecolor":"#EBF0F8"}},"shapedefaults":{"line":{"color":"#2a3f5f"}},"ternary":{"aaxis":{"gridcolor":"#DFE8F3","linecolor":"#A2B1C6","ticks":""},"baxis":{"gridcolor":"#DFE8F3","linecolor":"#A2B1C6","ticks":""},"bgcolor":"white","caxis":{"gridcolor":"#DFE8F3","linecolor":"#A2B1C6","ticks":""}},"title":{"x":0.05},"xaxis":{"automargin":true,"gridcolor":"#edeeee","gridwidth":0.5,"linecolor":"#EBF0F8","ticks":"","title":{"standoff":15},"zerolinecolor":"#edeeee","zerolinewidth":2},"yaxis":{"automargin":true,"gridcolor":"#edeeee","gridwidth":0.5,"linecolor":"#EBF0F8","ticks":"","title":{"standoff":15},"zerolinecolor":"#edeeee","zerolinewidth":2}}},"title":{"text":"Pearson"},"xaxis":{"anchor":"y","constrain":"domain","domain":[0.0,1.0],"scaleanchor":"y"},"yaxis":{"anchor":"x","autorange":"reversed","constrain":"domain","domain":[0.0,1.0]}},                        {"responsive": true}                    )                };                            </script>        </div>
</body>
</html>